5707
15879
19881
1718
28260
24262
14225
3790
1520
1258
2566
9988
29636
26699
26772
17294
32467
2393
4598
10241
7401
1283
29811
31325
18845
24535
23662
1866
18817
3178
28984
7073
11675
12538
29736
5934
11033
28754
30190
7349
6976
14830
30244
818
14246
25952
8486
27749
26273
7410
8228
9358
11263
23437
12149
12150
4599
473
28462
9902
7776
18086
8692
19739
10273
1675
19982
31667
8425
14028
29886
19329
10016
32641
21458
8431
29725
16629
25974
31812
31385
2125
4684
13164
18787
14186
18879
30968
1622
25616
29844
21605
5513
12871
30145
28577
16581
11777
11651
24011
29500
26622
12971
16186
23927
23021
13880
26306
5521
21972
17707
25650
1955
1201
23703
6177
19071
14434
1016
13547
11425
5314
25029
20726
3426
21525
32329
28218
22127
10918
10414
6912
10618
3502
12891
4073
5679
24952
29824
28467
27754
21187
21486
2360
32423
24424
14125
18999
26810
21052
8904
13655
11968
13880
28652
4329
18517
1239
20785
10222
27655
5056
6584
17625
12043
1445
31350
18838
19759
17003
10703
2250
11536
14987
10599
17501
29837
31160
7733
30006
16763
19650
28377
16453
23194
32442
7215
15559
27848
29015
2084
28613
10357
5272
7880
8414
21335
427
5541
27719
8799
15630
13648
13840
28651
25588
24893
25257
8765
18666
20951
30884
22060
17338
13520
4028
8729
14479
10166
12567
1317
6747
16584
3272
22177
27766
6663
10392
18887
1928
4752
27654
22951
9640
14888
11660
12643
31173
6937
9508
25759
22085
22077
26635
3124
9965
17752
20933
6948
16897
6058
32353
32723
21676
7365
14846
25972
28321
12701
2446
10689
28931
990
12506
23279
25731
8066
22983
20961
31432
31394
16599
15516
16147
29580
2802
11515
14883
29975
10343
32675
3414
13619
26926
12090
18706
16836
9840
26580
611
20401
9544
28334
27621
55
5836
12831
30181
4228
22855
5579
14787
10113
24265
20250
13466
13807
23778
26089
5411
7349
10666
11647
8407
3448
27140
18882
29780
22893
29988
5290
8962
8811
4431
30711
31222
8773
28130
3871
27159
31830
32406
9611
23935
19805
7170
25858
31780
28044
3426
18534
9143
6363
24470
9886
5836
29090
11630
27091
10044
4455
15652
18143
24519
7156
5930
2306
28926
2221
31270
17879
25953
5665
20540
3463
24772
7135
2443
27453
28407
11915
32762
18906
9637
18993
18484
4329
7549
30424
5105
3541
1680
7003
2424
32089
23546
29300
13409
18745
31429
22042
29600
20016
8202
21773
2239
15913
4697
18095
11371
29362
31323
20757
19506
17325
11958
5470
21899
13896
30513
30275
12823
6192
2841
11504
22822
23298
20195
8210
6781
17411
5394
12594
1623
17424
26204
29761
5801
3032
5384
1396
32170
12360
8090
29010
15763
29511
9906
25355
28067
1188
31282
3339
20583
20300
415
32719
7992
9921
970
25335
12037
26823
4527
17565
21075
26465
6301
29414
7297
12027
24471
5078
27217
31977
29691
28521
21412
31248
18785
8159
27269
3555
4294
7255
27497
23954
2794
20895
17077
19325
23030
15691
2945
2799
5730
16132
27548
7177
11030
5155
28880
17404
15567
12671
21351
21884
8389
28546
16877
23921
9867
15491
6712
2031
14646
18767
13222
20840
7105
25609
7846
22560
17584
30005
32122
25058
7412
21263
23099
27122
9743
24353
7709
19266
19320
8724
3572
23272
25409
22983
28663
1744
8695
11678
16068
19630
1482
32029
3493
7479
31981
31925
530
32657
19264
5341
1655
2312
29485
14181
6711
32002
9679
7943
25328
10549
32346
11584
25345
21015
3255
23134
31049
17302
29550
27609
3634
23050
7369
25830
4590
5992
19255
25930
12289
6328
2286
27244
23552
32713
15060
9903
7064
9507
23200
25342
12753
9789
7228
7849
3988
9200
622
24943
11628
17708
9912
29660
12937
20970
14461
29141
3338
31329
30564
27505
24444
7805
11522
2058
26525
10637
27059
24468
16998
22076
2248
32302
12617
28354
16360
17911
17592
23899
15792
8995
4070
8440
7069
17998
18897
31285
10028
22799
32640
25740
17983
24785
15241
12232
31427
17374
18135
19900
18832
9405
26282
10292
2192
1982
15327
4908
22564
30419
10098
12096
19395
6049
22593
20580
1509
26583
26131
15573
19231
5055
7640
22608
20623
6931
25395
3969
18810
14353
19253
6078
30772
15569
21612
22261
17984
23255
24604
2019
10169
2277
20684
28295
19952
31506
29188
12503
27991
24864
3414
10161
6814
24331
20635
15380
795
29662
27007
9360
1135
17098
31296
5883
26471
29305
19378
16998
16928
5792
24711
9551
17775
22484
19917
5145
31103
19870
31928
953
11708
16081
14754
27825
8176
15387
13392
23106
7852
18651
21879
31197
10986
1586
3454
16092
23792
5213
134
28271
4216
7746
13224
10201
7181
17224
8061
15580
6072
21356
19428
28273
30428
4498
22783
25021
31071
28696
6527
24897
14346
31665
8738
15953
20531
26737
29305
26311
29337
29988
6895
760
22927
6372
1031
12263
27229
12011
15077
10681
1507
5285
26384
31337
19583
28169
19830
189
22833
1066
1201
25465
14333
29193
16008
17618
7057
5038
19129
18981
5672
27511
14070
19433
22958
29103
12333
16867
17189
610
2316
16280
13639
23920
2501
5384
1645
27873
27918
26521
1455
17784
11884
22354
23373
5515
3506
1097
18510
30226
27588
2143
2406
20989
25761
14634
24861
22475
19105
17971
3374
10584
26363
1890
11053
15862
9097
4022
20589
10944
464
22585
22817
17707
827
5940
12993
21470
26279
6047
9648
16836
24356
9435
25115
1887
10234
24228
21540
15967
6635
2369
832
4979
9656
11773
221
2655
22503
8155
10825
18511
18882
14470
16847
22634
9123
24967
8995
7851
5231
15802
5888
27884
25185
1795
2575
28228
30985
29757
11019
23699
6292
15219
13347
13403
2637
1107
25503
23250
32356
24287
26567
27189
30446
4710
16896
6238
25646
22707
25913
27545
22035
22916
4997
12724
26369
31294
16137
27989
17365
21982
29209
11664
29987
28979
670
953
19905
32587
5307
2935
8842
18987
12464
14618
12124
5058
28670
25135
19811
800
1484
13393
24218
29156
9865
3650
4750
11763
4819
28474
26726
880
18839
28798
4640
8936
9594
32053
7453
14284
27000
15479
992
17189
203
25000
3347
3715
30223
22276
7114
19254
26019
30330
21772
12737
28498
17598
16016
13708
27443
25242
15044
8409
26061
10373
1555
11513
10111
8310
6504
27328
19232
20986
5614
3894
10210
5253
7707
30863
4732
23557
16364
32606
14728
13245
21618
26629
8489
23377
30861
2160
498
14877
760
30211
3843
7371
7045
20432
26485
28965
22442
30990
14073
29735
61
22470
18875
1625
25724
27600
6029
6748
24144
20990
2625
29122
27603
1943
854
7203
527
519
25816
27756
32009
28372
8577
22651
20734
12244
6180
30441
24812
26526
15948
3879
7764
10814
24096
28621
22078
9773
27529
32558
20351
22912
13463
14896
7735
10079
28961
5467
20637
25017
30124
29743
22783
6966
3470
10939
22788
21869
16468
15723
12853
24408
1632
21282
32699
30724
12503
3464
23914
2445
2234
15270
8191
4170
26962
6832
25254
581
22994
6433
3520
19182
27192
20493
15074
12048
22388
9907
6689
11523
15052
21587
15501
11556
18559
13375
26619
5762
25000
8243
22536
7130
32102
17641
4186
21702
11578
9449
9257
30513
16560
15775
5886
17678
19522
687
15035
585
6009
9101
11996
1790
13909
20296
25852
16874
20975
27302
20123
16159
25693
27766
6174
1787
27606
21538
5399
26970
22806
28292
16839
2315
15620
23802
32226
15233
31123
4797
25745
4299
31206
15470
26045
6087
13751
17906
1163
12946
1017
29312
24355
3906
188
15096
25526
6360
2642
26231
22207
29808
6576
4392
3721
24251
31254
5469
2033
32175
9203
2782
14445
31357
16131
20608
16717
30660
4026
21498
26689
14340
21477
3061
31004
2133
21135
22626
29911
17241
8993
15632
12761
111
28622
10878
20853
17193
14126
18670
11957
16129
20777
31162
10838
839
15127
747
30739
9054
28453
6408
20775
12072
19195
15148
12301
4031
18844
5467
31114
7270
5261
23830
14061
31679
12345
23597
17814
9534
18324
7637
8117
5853
23295
29178
8788
4881
22124
15063
29848
31485
21186
14531
29763
6374
1667
18510
19326
28392
10668
18060
5078
24039
20700
4017
10884
14536
953
19422
6641
6112
4751
32315
15481
172
28475
2630
31855
13763
3400
9067
21858
17162
3415
23252
31391
6695
14276
16258
18167
21304
2694
17565
22979
26052
24151
25096
1317
28145
26390
9017
29072
20984
4969
6216
6794
23511
4006
23877
2224
6982
28660
11215
27899
9195
17837
10978
323
31697
9223
28913
20993
19991
22516
27701
21849
13797
22342
9540
29528
13732
11031
4069
25466
11887
22888
24099
879
27588
4616
2464
2846
6016
8888
1836
16875
10762
30348
22678
6453
10958
9364
28866
20515
21741
20924
7676
1185
29746
27121
28300
21925
3657
29829
17291
31415
11307
2005
1525
29872
22493
8233
12799
15298
8794
24027
11434
3768
17870
28348
6040
18303
14340
9907
5918
22758
16674
2983
16028
22946
27284
22687
5897
16533
23110
15400
29650
13904
28182
22008
2533
8150
11145
14288
32008
18082
22460
28071
22384
16876
19358
20740
8079
1321
22621
11180
45
14289
20510
28029
14010
14948
1777
31130
15331
31919
24580
20168
23139
2380
15127
3864
10268
27240
22063
10951
5478
19400
30607
12898
1703
32270
29668
5165
11300
16185
25792
18630
3094
27756
9033
13062
29441
240
23347
14120
15937
1659
18923
19757
13541
23219
32277
4734
25281
28142
11065
7892
10687
24380
26041
8277
32118
6567
23303
768
31998
22201
23060
10058
24322
10815
16396
27657
25622
31565
7488
3986
17227
3714
9828
11294
17665
1421
17914
21363
32765
30704
25102
3520
27836
2308
10788
16328
17158
7998
367
15426
21958
8368
22851
1152
24856
22739
4045
31824
32420
27523
9986
5408
13355
31051
26581
13413
20575
22755
17837
22845
2552
2551
5654
17746
5380
17706
28854
11522
8830
19803
19332
12990
32291
26151
10036
12720
16001
5039
24565
7073
15185
1947
30303
28185
15878
24415
25767
712
8358
6076
21526
16164
20185
22922
18105
26452
23872
950
2393
6221
11015
5767
429
11579
16830
25637
11471
5154
26468
10843
25069
21957
5829
31132
11585
21703
20999
3396
22339
2064
895
31009
27677
13426
24777
20530
22367
27020
1047
10414
26612
17903
12233
8520
20565
18048
28734
19378
30460
9502
4074
8288
11036
2692
4521
24462
4495
6000
9555
900
24079
2309
19089
10265
11434
31853
5615
2934
3952
5572
19506
3100
9327
3633
18411
18473
18401
27990
23884
16854
13987
29163
12347
11589
13545
28069
12453
19322
3377
6237
12565
30375
31605
7790
19333
17324
22693
28255
2164
23774
6740
2498
31800
31239
31410
23899
20118
6575
23738
25733
24720
24474
16556
7122
1150
15506
23742
1778
31840
17255
11790
19926
12915
20275
5596
13588
24578
24290
22262
30094
5759
18930
1907
14159
24274
12920
19108
13237
25329
22628
26440
17109
21937
12805
3583
22555
3292
28112
25602
12849
387
16733
9744
16930
10901
10674
30636
3520
26033
196
12933
4419
25145
3131
18998
25650
17064
26998
6191
9607
26661
31439
9203
29454
7256
14880
15237
28686
3452
5254
28700
7979
20661
13156
19230
5003
24228
22187
20300
15672
15929
9305
6714
21701
20937
4416
14851
10805
31329
18185
2874
23320
1369
11128
13092
13303
6188
27890
2596
16626
3719
14396
2678
20904
32415
31621
5920
29783
22472
23207
12070
11332
20292
14506
24830
26462
3928
31369
4675
30494
23717
26425
28590
4273
9654
18664
6465
6233
12502
13187
24261
15377
23588
5242
8311
8560
9193
28615
10239
10959
25384
28205
3489
6062
631
8381
32183
1108
2318
7583
29279
3254
17438
23055
13681
5786
30820
26022
16052
1788
20989
27355
16977
26289
1660
6345
903
14922
23866
23091
16289
4411
4589
32197
17701
4157
17788
13212
2895
31472
28946
1033
23997
197
3954
9106
28780
20763
28810
18490
28643
15016
27466
25603
25006
23067
25014
26800
26894
7167
19258
30927
17391
5603
14654
10743
5146
31416
2555
15439
18604
11898
15757
27471
15303
15635
8521
15307
22663
14460
17744
27437
23864
16933
28772
25602
3526
17303
1531
23480
27252
6744
4754
32165
16081
15118
29252
18252
7401
4072
17819
31196
6328
5690
10406
17658
22500
32615
24652
3776
18859
22788
29151
32006
6937
58
22773
9184
15231
25708
20339
32103
1314
23834
23530
3773
24112
5894
6695
24139
26104
23701
29189
8013
601
15735
12422
13969
24955
22922
14114
31867
17342
21244
13663
24653
8688
11185
8354
20645
963
4580
24133
3400
6782
24592
21481
17949
29682
21521
21006
11133
22960
16774
3297
21418
12409
17275
5972
6556
27638
12613
5236
22788
27305
23212
4856
11147
20004
20304
18197
2906
9081
13637
5786
32480
28657
29441
11064
12751
30209
12408
32545
8040
18041
29573
6102
12793
29183
23436
25401
31652
28348
16478
27370
27745
1621
14428
20944
10566
24605
18912
20470
26887
31625
19416
8345
31161
12004
14772
5759
21467
32323
32387
19082
24214
24252
31576
6284
18756
14803
19699
24157
7728
17717
5277
12587
29340
681
18516
32018
22537
31811
20008
17132
29362
4314
26341
26731
22874
25789
11250
20069
8775
19106
9337
8558
16783
14559
13768
6316
7314
7901
29432
5863
30408
11977
4044
25056
7101
28556
31451
25572
27225
11006
25330
11168
9573
3158
11188
7735
11595
742
5507
3986
1821
15621
7332
13560
21721
20300
21405
9694
8940
23557
15586
24320
12020
20192
26545
31664
3018
232
21563
6510
18112
22710
25348
6586
29223
15076
21388
13862
14613
24261
5679
6831
24677
23379
30026
31309
22782
105
22943
20937
18265
20531
11771
19663
9277
11490
9750
324
23245
3748
27834
29913
1989
21971
32039
8417
15873
3436
11191
26720
29759
12740
8638
13412
37
20342
20660
10904
17030
3744
8342
12822
26849
32335
23945
14973
26666
13367
10433
31043
5325
5288
28833
4429
31729
22205
13347
22717
25081
6359
5499
12556
2641
6473
32759
9560
11367
26453
25898
17151
14839
8280
21833
24684
23180
3393
30421
17969
16452
13383
8570
28246
14803
13020
8248
19953
9674
29660
24256
23799
11034
5643
1569
20562
23251
5822
19619
14900
7986
5336
31987
1194
7131
16376
30849
31348
25443
18417
14631
21012
9745
24699
5643
28453
15846
11560
20422
19950
15322
10649
10182
19767
23145
25073
1776
19035
31054
3978
30602
17311
1679
28135
30297
29890
30905
23530
24326
8662
15981
7495
30663
1102
18203
20537
24635
3671
2318
27508
26517
30828
10409
22618
3580
19748
9456
32113
13618
26447
11594
19733
17524
5698
1156
11370
17314
23663
5402
18069
12704
31801
6834
8236
6652
18182
1258
32490
11729
25237
30547
31144
25579
30866
2749
17544
25643
1127
13238
3444
16941
13142
29261
31943
19241
2756
12060
11849
27415
18648
27013
13921
27927
13125
6971
1926
6927
18532
29956
19447
150
1670
22718
1964
21777
15752
13472
5772
20763
7848
9155
23264
29483
32406
30689
12296
30576
32207
4188
30060
1792
2854
8834
17846
25138
29859
22287
11839
2632
31377
24819
31430
11858
6355
29014
26984
24399
31351
11482
23244
20372
19342
1568
21151
8562
23866
8589
23616
2323
20488
9806
10172
17829
14464
8345
29436
13754
29179
22838
4925
2799
5045
17983
12993
24780
15395
31012
5828
15084
9863
11761
434
11870
16065
24532
1431
14922
10088
1754
23255
5080
26137
25337
3871
26957
10767
30803
8347
24696
24820
8377
22890
21580
3575
22126
32591
5582
5919
7214
11177
13362
31967
9839
24485
4160
12266
10727
10418
16125
31048
29518
26933
32648
10410
11365
6526
18498
31995
29239
5371
12081
31543
8351
18348
12711
10112
30474
20439
7966
21615
31358
26621
11111
31912
14556
11532
27652
23217
20834
5334
17618
13060
26227
10434
2027
1122
23707
22722
19658
4715
2766
31365
17072
32364
16368
18669
583
25208
16795
30659
8837
8890
10268
12202
5332
26889
15294
1617
3184
32445
14156
18157
29968
30913
5073
7911
15560
27114
16802
721
29998
3975
29342
24479
4028
11322
22965
27668
14709
1286
935
11898
6603
13480
11534
2710
30913
18731
14751
27611
4173
24503
12461
24542
3328
12970
25326
13578
488
19945
7554
29077
21430
23929
3633
14002
24348
19017
15605
25609
24185
6482
16056
3940
21176
16610
1374
9387
29557
26677
28934
16914
27234
17734
1677
9361
24042
3300
28500
14485
3860
10504
9796
8949
3753
10598
30223
22055
19865
8770
11448
1972
3227
28037
10325
6633
28436
528
8468
19919
13626
21840
21628
20830
24953
31507
30197
32238
19734
30618
2187
23278
28690
30703
1519
14552
24657
25721
30398
30820
19451
461
24582
20989
29475
5063
10759
12657
25766
14042
25654
31212
598
25508
2696
17959
4184
20677
12268
30941
21451
9970
12825
12671
1194
15173
23179
31016
5876
17367
4296
15315
7946
14993
488
25036
21848
25151
24916
7524
32055
8678
9934
16617
13074
10840
28082
12501
26056
6661
22907
17990
32594
4884
9096
13742
166
30643
13857
19916
5339
16555
30901
8923
24461
8759
12645
31241
2691
29462
8135
2346
22159
2527
13539
24238
13238
1173
3202
1488
9361
11899
2985
15121
28915
30761
18528
17637
27597
13792
7863
17580
20558
6171
5899
5091
31310
4710
390
412
32236
9331
27365
1067
25206
14699
20094
13091
1162
4482
10625
7553
25467
27086
21374
20518
24054
22105
16423
8331
8678
629
3672
4016
21396
19279
2132
22869
12307
26823
31058
877
11995
6271
31800
464
26292
32562
10150
16944
14806
13384
15158
13390
3406
11175
12802
8813
4003
29131
24167
28167
21178
28185
29449
1216
15607
8048
7447
8600
5541
1794
5073
11876
12440
13666
16711
22911
32016
11741
26723
13245
31713
5134
27689
27296
24785
22445
7230
29391
25410
21160
10919
14019
529
3445
11988
7620
16061
7590
23005
32532
5068
21182
16395
21866
10858
9539
23450
18081
4948
7188
11453
21426
1780
7165
6883
17632
28877
21897
31545
9778
18970
17687
24688
26662
1970
31024
6080
30884
7983
4888
30509
26673
26447
13731
24841
28517
22427
22090
8378
26783
27462
9342
1213
4599
11095
31549
23019
11124
9227
4322
11259
17792
18804
22849
28489
21400
3943
19955
30677
22344
14485
4335
24975
14167
8440
7514
19922
5951
1905
31393
6702
17119
6831
9668
29802
628
19794
9461
28617
27334
13648
31073
32653
32159
31384
25422
31418
11905
6390
11366
3356
8088
31031
27730
14731
10990
9613
31627
20846
3038
7477
2157
1406
15563
2902
654
29645
23826
25901
20557
22278
13116
13159
686
15094
8057
2766
31589
23115
4682
30760
14640
2460
23421
25436
15978
21418
25950
11735
17886
10982
12332
4142
14809
21555
8650
31493
8579
28396
32183
32559
30830
15913
6464
279
9328
5950
8180
15198
32174
6533
31833
21701
7418
4958
14557
3406
25695
14451
27919
18078
30201
3393
2831
27558
3338
11220
8515
31618
27979
17873
25676
15265
23680
1978
5433
21799
23119
16750
6138
24975
2642
30703
19991
10901
1131
17512
2466
8531
32600
9327
11370
20650
2439
8071
18289
20195
17451
26089
20128
29334
21647
19588
13498
20171
32682
19010
911
14944
9205
23181
17522
26283
1401
26898
19692
18783
8236
10948
17330
23988
29821
2084
29141
194
558
31936
13369
27950
25954
4090
8520
6665
18935
19211
14055
245
10517
20552
9385
3978
1287
30627
1603
18424
5962
5236
8769
21741
9444
18554
247
5305
27895
2076
28601
24496
26006
13301
17487
3535
15063
27536
29859
32675
17450
32112
22205
11879
25577
6228
7409
1901
1328
8633
25175
5823
11246
21919
23420
17669
19260
5008
32599
11433
21998
31967
15487
19002
15720
18478
3739
3086
21172
28210
2073
1324
15825
5051
9251
18280
32589
21742
29902
10448
12310
21973
405
30791
29581
15387
27143
25968
20444
30224
8380
8142
24713
29427
21133
28969
5964
12401
19972
22323
32542
16745
32530
24683
13715
12786
21248
20546
3689
27807
6312
20092
5473
1282
12517
9690
25165
2926
9032
22006
29547
19969
27405
31854
497
10978
4173
22852
1257
22472
24949
29317
22079
17084
24822
6953
11801
28703
15166
24891
26726
31214
22760
10042
18618
5189
24879
27838
12377
15138
16553
2654
31378
28012
2098
25810
29518
6452
14373
23381
7144
7482
19411
30029
12863
947
6445
4910
11786
23113
22724
9884
10348
19300
27124
13776
25033
23720
10075
11836
22999
30399
24464
19058
11768
6744
17938
3906
12743
26223
28799
9250
30192
21455
13319
2772
12614
18902
30495
31298
16399
28793
19322
24749
11682
25479
25653
20742
31797
11058
15442
24476
7920
7627
359
12792
23110
3789
5783
17925
32388
28445
17346
13429
12458
17040
25849
29279
13691
3758
11829
22061
29392
9910
22344
25525
6961
30946
17427
9126
14246
16619
31994
2598
971
17360
2965
12473
20515
30932
4008
26469
24238
17349
8278
24852
28094
9348
19857
32569
25862
32706
21973
182
22772
25864
25622
6142
22593
30202
27127
11382
14278
21212
27196
19234
20625
12373
18306
2685
25656
31347
27437
26024
7021
10480
22691
21191
21203
10420
184
6313
10768
32410
26984
10151
2340
1911
32204
31182
4089
31065
6727
15936
9274
2572
10497
21463
4457
24291
25238
22284
28460
10676
1807
18199
16872
5925
8977
1624
2449
29222
13652
14838
12993
8383
18519
19654
7687
24076
21586
6510
12673
21894
32109
32714
10413
899
559
27022
5756
32513
28217
557
19880
4255
25908
9722
9032
15084
6664
19597
16290
6116
17998
29289
28992
12216
13833
17884
13894
11470
15248
6950
28674
4361
8143
27613
29893
20554
25263
25999
29681
29751
24531
19370
24660
11579
11141
12441
21684
29901
15344
18992
9899
9462
12943
25930
7094
10509
23013
15536
29832
11206
11119
14141
17060
26219
29143
20800
15402
30056
23402
13602
497
22029
4300
18249
3031
29072
9194
10555
12117
22865
27441
30727
29783
6242
7422
18913
11338
15943
16213
12044
32630
1786
16341
14845
25742
17459
18411
21181
13957
27621
8519
22927
23716
28684
16012
23763
14554
17318
15436
26154
20563
12543
28211
8923
25163
25906
19586
27509
24869
21741
21951
28342
439
24180
14507
940
21737
19689
23157
26394
8062
8394
3373
26653
25649
16827
2683
18447
21508
32134
1681
20908
6357
30816
28510
27507
11826
29294
11269
10575
15470
1671
28813
8567
10740
17980
31194
2195
22236
22293
17884
22816
14012
29982
7174
2581
15553
32418
31234
6343
19966
27959
14499
27146
11779
24570
32027
18073
6578
6940
19054
30392
1102
8350
18214
16663
10965
18008
2889
20730
29072
27968
2696
18327
16360
15849
28345
31935
20091
3658
30343
12993
7023
21697
11368
16780
30982
19544
2512
32019
27251
11846
23205
23286
17133
9401
29938
7006
15105
23250
6367
31016
28716
19953
3297
9543
681
17460
18990
4451
17800
3130
19828
19910
13568
27181
24522
32377
9990
22015
27623
11178
27166
28403
13201
29009
18034
18528
31065
21012
5409
29618
29318
12647
25049
27569
5455
14583
19112
17670
5965
11593
4623
18426
12335
30110
5977
22402
29872
23323
10538
18809
24006
17190
26203
5164
20508
26899
8453
29979
14275
23296
30684
29950
3109
15869
6591
27911
20538
7537
26509
29031
25342
18873
26681
17683
13346
2577
17185
15048
12545
9656
13467
10060
32215
2127
12497
18680
20269
1410
10448
18547
30616
32747
9691
14016
32163
30515
12037
11387
19978
16763
11519
28255
24105
29690
16430
15116
21171
16103
15616
9735
32423
16537
17025
9219
20096
5101
7977
11359
29613
7656
30712
5103
25664
24221
26054
1279
746
18769
31956
14485
807
26590
29350
21751
23990
19797
22037
5485
26956
7143
3488
8008
27529
8710
4099
10275
13867
21191
2827
20841
9346
7563
27816
23832
3364
26846
580
8132
31713
13471
8787
21470
18425
10082
5163
12854
23181
2834
10774
29631
14676
31963
16806
8338
10639
21574
7753
20534
32575
1446
21021
16159
27797
948
10502
23924
26026
25718
18941
15126
27760
19813
683
29917
22761
27342
28982
1829
29078
30329
91
10633
26675
4489
27069
6126
3745
30115
12924
27844
22564
16722
22026
28808
31438
25514
4922
653
17723
27436
3994
32509
31871
15338
17667
17946
22109
28908
28014
18634
25530
27857
24841
15955
32592
23993
6795
26467
5287
14435
21956
595
21313
28307
31864
21676
8725
25783
21869
28139
26432
27337
10691
1921
30710
15479
21636
9758
17598
19586
28796
24623
5599
24420
6219
28070
27669
14645
27832
25849
22921
25295
21832
18797
26368
18993
12048
20116
22867
16929
24007
29972
27423
9494
29471
25771
20157
8020
24661
10096
3189
25689
26119
10844
4334
21368
13895
9992
32745
20420
31981
23224
7983
20271
16945
11929
28104
25843
23417
13639
15214
19249
24175
8594
21570
12248
19031
6786
5309
18633
23456
4249
31208
29497
15800
30807
464
25174
3877
3588
28724
8493
27602
1705
19330
27595
29094
21088
9730
9122
29531
21453
1872
25391
19854
12525
2575
29914
4626
8462
476
12574
32138
23583
15745
2025
27447
3882
14699
14662
15118
31263
22111
313
24078
6867
26728
15082
31952
2376
12820
16134
27744
26927
8159
355
25931
5291
22512
12771
12537
25688
29187
25754
16701
14476
27559
1331
26155
10205
11433
6543
5674
30435
12240
6064
31818
15679
9162
21206
16599
23515
6247
17383
16430
10356
3077
12564
9167
29270
27980
30906
4532
17511
25883
902
26081
2151
31937
8669
10813
28534
29809
22651
16544
17367
24048
24666
29485
2035
20369
24021
24290
1697
17251
4877
27757
14500
30377
4492
19265
9077
23946
12072
8938
5444
32522
16938
28317
25145
19769
26800
14100
1791
19882
24400
7833
21635
9767
11006
29536
2297
24995
6704
15385
31265
368
24896
29382
13512
11955
22033
25034
13713
8212
3829
22339
7925
1978
26830
8858
4233
7542
14452
4185
895
6462
11095
22588
20592
12766
7014
12682
16985
29674
23087
421
23267
1271
14151
22752
11239
9994
17900
12690
27185
4177
9705
9577
7556
27409
21434
3328
4575
4576
17393
15795
28159
23572
19928
22962
4901
3707
10584
26196
10777
17485
1049
7342
367
25694
29163
10341
8457
30360
15461
18624
14045
28073
21963
2049
16632
14585
29493
31990
6339
13023
4590
19147
17286
16148
27675
21282
11306
11624
8349
20069
10819
13491
4664
15963
31310
6671
16884
28410
2870
22596
10435
31101
17694
23428
21605
32182
11610
9561
19337
1444
3006
27867
32053
18248
29980
3878
16231
14517
24328
25611
8445
10855
8414
19206
4818
23509
1543
1136
11306
15945
21879
10998
3664
23024
29306
24906
11133
2349
31409
2072
29948
32307
1367
4156
13452
18131
26569
15666
5382
17042
9030
27598
7743
16127
24563
12589
10288
11844
6434
26091
2388
11258
24275
29078
1106
17474
20603
27235
14556
12561
13573
23840
7127
459
21527
20842
15036
24852
29846
24096
20030
27875
9324
25112
24621
21719
11657
13584
2202
13007
23591
25831
1596
20917
31315
21261
13842
22170
9385
17976
11850
8
23647
17496
98
28563
31365
18638
26253
12722
26762
10968
24664
30669
16899
18512
653
14487
17320
18583
32343
10910
11167
3020
9128
19745
28414
6721
25304
29473
26763
10287
4495
1210
25798
424
30436
27316
12073
29390
25286
22614
1198
67
21659
26490
3986
992
29992
15079
20568
426
26545
6874
6162
18689
13921
16358
30684
13851
24044
16382
18857
10161
15474
20945
13890
31992
26535
23126
23691
12243
11825
30887
32264
24391
18513
1042
21665
24111
31686
12397
30114
6705
14062
19627
26118
28400
26415
20397
17397
14723
3733
10074
10635
16423
23740
32242
11483
16944
20209
27039
8500
17478
7060
14926
32163
27853
27840
22972
3256
1189
11823
29140
18829
28692
29271
19768
3589
13312
13017
9758
30290
23394
28700
22365
7610
20727
29749
9159
6298
313
15627
1978
20395
22669
20920
18674
8324
29118
1842
14497
26464
2218
30762
23490
22050
1339
13364
28074
15510
12953
27177
28896
9722
30366
4553
16942
28605
7563
22693
25080
15750
3577
22077
26573
28280
30994
19301
21564
30645
23296
28909
13545
18464
24486
6528
20192
6504
32654
10957
17192
21058
26915
12773
24988
24053
2593
5860
7670
7452
19785
13268
23341
21415
24665
21198
257
14372
5691
22370
4051
2109
14717
5946
9915
18049
25345
9721
12245
1383
10486
6249
9947
25487
14854
726
11769
7500
14545
14005
25820
22368
27547
906
13837
1798
5185
32520
3709
6966
1138
6265
13153
19236
16923
31584
10815
11786
20515
1373
26441
39
28505
21330
13803
14599
27563
10692
4000
22278
18840
15492
21769
1040
26600
6542
7488
30634
27034
15153
3946
14902
31774
1392
31371
11634
19908
12969
8095
32323
18549
29556
25062
25521
25761
17870
20863
20274
10360
18295
17464
29227
10077
1944
28837
15540
5527
7081
16239
14748
17482
31634
18159
27564
6566
26896
9467
4144
22879
26203
11008
27316
20829
6
4177
32268
16052
28198
7871
22167
32470
20662
3434
18884
24840
2874
32215
20180
11282
931
20290
21730
11323
18547
15413
14881
23924
25121
30297
18534
1492
21439
13453
23270
21572
3802
26421
4416
22396
24226
1748
13246
24878
3658
12510
11479
10624
20146
1735
15353
18112
8004
864
17798
19795
15900
14947
25629
11247
25451
13900
7962
6155
19485
26731
27232
7827
22457
24376
21334
11487
15753
14054
32559
9702
7420
30779
24175
22447
27976
22942
14762
25865
4179
5746
31631
30588
3284
20642
23590
19839
13237
12413
20822
30955
13501
14021
26794
25008
26219
29954
28245
24775
17701
8220
1395
1896
28050
12585
5521
26236
5700
2180
12656
27221
19610
18207
23302
7837
30948
21018
18630
28300
28105
13460
4129
13662
1766
21441
22861
13061
6840
10556
69
14619
17340
30623
18193
9242
17620
11602
32071
29903
3309
27040
16594
7692
7647
22544
15346
23198
23188
22002
1156
8062
109
5688
132
32332
20449
14215
29648
3064
10344
142
6958
8131
7063
13975
30865
32358
15244
16987
13464
17808
10380
5915
14680
11158
8683
4076
27227
26470
7724
14163
7656
21694
11882
11537
15237
10395
12535
7744
9147
18931
5954
927
17689
8870
17150
6699
636
31923
16000
18927
20109
16295
21609
28444
8330
8796
19078
14684
9802
9439
17396
5476
22395
26290
3720
21704
20015
11572
24429
2068
2199
11869
17167
16152
30733
29614
17464
9091
344
26984
3705
8628
21036
28157
4044
5068
12273
30148
23927
8968
9157
5872
24628
21326
10180
4547
2958
27909
14727
10495
9358
14634
30186
24222
23447
17312
8723
26818
15759
6088
17840
29423
16447
11090
14975
32632
28157
27475
21780
32055
29832
8087
2775
25985
6963
6200
14668
30297
25670
22895
29335
23780
23969
14763
29503
25630
25762
9696
9522
31690
24905
34
21513
11183
15514
19570
30350
18177
5699
8152
12667
29726
32127
1458
30597
23675
12602
20299
27289
6365
11126
431
25190
11724
31725
21950
15387
11332
13816
32384
22386
19119
30127
10680
25837
2576
16466
28348
26975
15233
17384
8067
6831
31199
14885
12288
31193
27588
29329
10158
20021
25013
18407
20845
26108
9373
1211
7564
16392
2170
31584
27175
731
5975
21769
9651
25827
26746
23598
32727
27133
30686
17970
7293
6711
4580
16450
32042
5594
10053
17280
5258
10920
7499
29793
14416
20066
28225
4435
25917
8845
11816
13476
2429
25974
18347
28063
18746
29812
1365
29944
29036
17261
15106
106
3310
28059
9107
31134
20439
17296
18150
7247
19719
31352
31750
16300
10752
24735
23454
20221
17656
15155
14004
13706
300
12618
26003
16824
11638
26662
777
17270
14626
13496
26579
27095
11006
1636
31318
9216
3760
28420
9872
2373
19532
27695
4685
3215
7718
21947
24990
32513
6373
5504
8071
9691
31193
3167
7928
26526
12175
18564
26622
21617
20642
28903
1339
3523
29907
2585
17812
20786
9308
30781
17961
10923
20866
25172
22666
4563
4202
23231
6440
30374
301
28926
18953
350
8238
4286
17856
2455
28844
21011
7837
2224
13715
7938
15905
2932
11416
21058
6324
26362
32644
13123
18842
13513
24528
29552
11044
23104
115
4274
16163
7990
25080
16693
31650
6109
9427
19566
20437
26092
22005
30045
30028
5373
27038
23055
24940
5683
22643
27752
27424
7969
4816
26655
30924
28647
15967
27146
19075
17566
29162
3228
13433
30199
25453
11692
23995
3358
15472
16759
22301
20197
2195
22249
7796
542
29291
12568
25094
30024
17036
6674
6207
1903
21735
21208
16294
14413
30807
17578
23311
949
27766
22405
32273
3122
29109
4587
32186
22763
8108
26082
6530
10953
30126
20287
12414
11484
22945
10020
22230
1019
30988
20680
24441
427
16498
9078
11791
32323
23775
13785
25904
7757
31680
28278
17619
1838
15607
32122
19721
18186
2863
9142
30955
29666
20077
27368
9680
17919
11496
13116
31428
12692
19995
14866
25654
17311
21528
32258
30705
17936
32543
9245
21838
28461
12143
17014
21927
8245
14684
13282
8462
30531
16290
22779
31551
14454
2041
27243
23764
21071
32234
16487
11448
346
22496
13177
11742
22289
4738
31363
30003
10237
13888
10753
31697
9502
6956
14478
8565
9357
7948
11434
13107
23904
429
22458
19048
6862
23418
16976
6129
10900
25164
11693
28570
2710
28804
20100
10201
6602
600
9473
8637
20562
7530
5642
3361
17128
22175
10693
15653
30079
27182
4954
8415
16679
6647
26106
13389
20786
17943
6944
32142
31637
29625
19990
27218
30865
13870
20668
8592
15762
11841
32133
7543
32599
5060
27330
8614
8019
32111
25379
24991
2131
23275
18298
27513
15970
21801
15811
10966
9705
2296
20834
6165
17947
20439
26795
26569
2704
2823
13223
20073
18480
9445
30741
11337
2387
15479
24240
13768
25895
12101
9648
27595
26193
30058
23699
30827
17623
1002
3357
17387
30525
10566
30110
21997
24302
6222
14451
22245
5086
5431
9423
17869
4974
30957
31932
13851
22160
32426
23644
10736
4907
4040
9845
23698
11457
468
6700
4380
6223
31459
30225
14708
14196
28713
19548
2430
28374
29383
27766
19087
31682
16101
1468
805
19730
16641
26495
18133
25428
1414
591
17028
31784
18081
3705
22746
3306
3152
31694
25332
20625
4796
3750
26969
27863
27336
20005
26928
29339
2282
10173
31152
15747
13882
27636
26071
30437
6088
2152
3679
16360
16435
8976
10222
18150
32631
31428
10637
19477
25863
12544
32603
22887
10268
24805
21890
12718
27212
10112
3947
15108
2142
335
16174
26730
27997
8449
12621
26287
7147
9086
24737
4244
25048
17703
26260
28205
27123
31839
15249
17290
8224
7498
23481
29335
7083
27348
9176
13377
988
14582
31383
27866
8908
1077
6643
8127
6774
8811
3309
17976
28689
28873
13699
3487
24990
8989
28384
16581
14781
6225
8144
24721
5572
22580
20854
12266
21010
7806
7745
14039
4257
5902
3356
229
3547
12149
11493
6858
14255
8632
1057
4935
15075
7250
10478
851
31404
11129
5432
24949
9852
18338
2864
9330
25115
11591
7674
31016
13305
25064
12966
4026
11715
2640
3426
17389
820
30233
16110
9426
814
1138
1616
8102
9993
17952
31432
20982
11307
195
4614
18182
27608
30555
22171
9332
25932
7178
25262
2585
11783
3868
29424
10544
15465
3908
9682
22202
16510
16168
15093
7457
32539
25632
26337
4379
25386
571
3835
28113
14658
31108
433
15425
18811
2179
32504
2528
17280
22534
9464
29316
12517
29729
5381
386
25019
22131
25810
11795
1890
26027
12257
30461
29087
3659
23870
24943
8686
22700
28013
24364
10522
8258
25761
24555
778
20514
9519
4606
25822
18625
20033
5683
12603
21247
29391
11000
1762
17508
15563
4802
7560
14505
20636
14767
25826
1146
1230
24170
6655
17786
16904
16975
18138
13192
7998
9423
24624
5953
3623
3606
30095
2501
11250
11500
10160
25022
2613
19417
22790
29087
1062
8589
19607
31530
29709
126
9995
31797
23801
10707
1538
14509
23730
18305
8619
9691
31216
20916
11411
6886
8906
25456
26042
27290
28529
17016
4332
19047
32030
7791
18766
10925
30025
19261
25144
25655
5404
31412
19010
24325
18727
14708
9378
5710
12629
13067
3253
7621
8479
353
14299
3100
28671
2900
27016
28358
11816
13983
28056
11010
4468
28928
3299
28693
11934
21658
12306
7894
21169
27544
9393
19056
4288
22291
14469
13924
22488
23861
7967
30157
9523
8863
21937
4072
9902
4873
31009
19923
24957
15656
16988
5525
12574
9685
7405
30303
12939
22123
3022
18962
28596
10865
20605
4096
24364
8313
2131
25847
3107
12871
13330
15484
31380
30774
23997
16212
7103
7128
20652
29513
26330
24029
6111
4138
27140
13110
13971
9748
26490
15738
20243
30960
21261
8840
11217
13629
17364
1902
24245
25104
11806
12937
27317
13400
31146
6382
11174
10087
18459
23305
28753
32430
32678
29828
31434
5320
28174
9066
23293
7099
6098
19085
22410
12922
1957
21285
22739
29614
12830
20921
2642
25013
16817
29251
9777
21483
24286
28559
7956
18729
18600
6628
7226
17292
20809
12518
31684
4472
4900
5307
20308
10204
29179
4717
1754
29111
15458
20367
15787
14555
371
6436
24020
3057
28356
6588
3501
17853
19094
15072
7089
6563
24143
13744
23692
18794
25899
5835
12150
26689
21294
14703
7360
20223
2141
32226
17068
9647
17453
16144
1154
9804
27964
19317
12256
31945
319
25917
3154
26708
16699
3498
2338
476
28153
8119
32114
19409
10420
32251
11911
28459
19476
22479
4200
18861
20832
18867
29864
12651
5615
23790
7040
4490
5343
10869
23329
17479
26890
9486
20807
20026
11062
20149
21266
24284
140
23871
3858
14920
27980
4669
5536
28734
16318
18979
15221
1133
10092
1706
2677
27634
19598
30834
13516
1052
31686
19436
15932
26226
14861
15735
20405
15863
21741
14537
26919
428
17138
1937
26004
14423
26715
21338
1385
10627
5140
32435
29454
8136
18665
6541
30140
8268
9972
29924
18063
15242
2391
6562
15324
23378
11313
9920
16068
12817
28362
23214
16137
12115
1553
19445
6433
7558
13129
5403
8841
19713
21247
30662
20572
28741
22591
15141
11300
3458
2055
18828
2800
10589
2300
20830
15015
3824
7004
27952
6555
22802
3380
5931
19553
8409
16083
27570
1505
30046
19326
32581
5545
192
10853
19366
12423
32364
23510
30778
10070
26267
30385
433
24
29468
10780
1258
9541
24915
1911
12560
8035
5506
10387
9482
3287
839
1566
15378
19451
32614
4706
3491
2928
24265
27696
9369
13494
1733
15894
12692
25849
21151
7640
15517
26670
29263
30
6668
27231
9859
5227
9896
21315
32231
7502
3857
18
30628
6364
9819
20375
12070
19805
4092
13447
29987
3654
16616
16913
31193
19816
7162
26294
27799
19558
11670
18779
13438
620
19085
31901
9865
2590
5696
31844
23755
11215
13321
10683
4856
22516
10198
14559
11303
9688
10775
17813
17878
10897
29403
449
31791
15410
16437
12853
17290
30018
7141
28103
31538
3181
9268
21158
7532
21626
23584
9710
12469
30845
18105
4473
24140
18510
20939
29689
20976
10553
21437
30531
18155
32503
8377
24814
26191
8413
31502
20765
23168
12116
25298
25497
15346
23945
2251
26403
15156
870
26768
7944
11310
3008
19947
17141
22183
4818
18818
12557
12298
18666
22710
1593
25193
28002
17612
4287
17602
30162
32074
20759
10369
13700
29092
31994
8263
6440
11800
14523
9194
19145
16343
31450
13757
20992
9317
19927
27921
1128
18498
25668
2555
23121
22730
13086
30296
31673
27994
1629
22543
6520
19380
17354
6294
26298
19365
20497
1464
18098
7653
18967
28565
653
31294
4237
26602
7077
30960
17862
1682
3576
6997
17861
22349
5848
18369
17051
21697
21476
15532
31472
5310
20022
16147
16095
2502
17886
2075
14087
32205
20879
13816
8670
10813
9881
17421
31561
4413
7447
20052
17002
31795
17514
9217
20921
17287
7142
28002
32087
17323
17354
26890
27551
9048
14966
1070
23549
20250
31192
21071
20483
19982
2344
10265
19129
21482
22229
23948
6709
13375
28351
31577
24428
6907
24742
22415
18504
11826
27362
25974
12283
32030
15701
15547
6546
24676
26783
7118
14541
12184
19856
27017
32046
28676
8419
31250
21328
24741
22313
6914
4218
1911
3331
10951
15476
9203
16276
16199
11673
10965
26934
8133
11054
12066
22124
5641
2546
23658
18201
23227
30454
26186
12271
8465
25775
4406
12329
1450
20042
14453
3965
25785
17727
30061
22604
23397
32041
19489
25117
30832
18901
248
24649
24599
17305
31680
18679
26426
1511
23538
10315
27069
15393
8760
13275
24622
28847
4908
12899
30888
21072
14179
3001
14071
25517
7338
5379
24572
18740
15503
27943
13395
10531
11300
32131
15924
20963
30975
29407
13975
6808
22405
17055
17820
12790
1641
4157
8745
20310
2927
1783
21717
31241
11638
31685
8709
23276
20405
27534
24404
19516
4677
10651
14393
7084
23519
21068
9700
12981
12520
22026
7784
6446
31658
12412
16159
1564
10725
8190
30282
29387
17286
29007
28665
25630
24246
13193
18987
24099
5398
26711
21557
13802
24137
1122
23912
13720
29620
21516
22254
18103
8577
6241
19701
5840
10474
28746
31504
27196
6068
25092
32729
4407
14585
6353
29660
13110
811
10990
26544
25723
10070
31684
3431
14822
9637
3682
4393
20238
2856
23595
25883
29328
15572
972
1157
27815
29644
25714
29237
5117
20191
31033
30238
9409
7505
2279
24133
3578
18142
32218
18142
10523
29948
31295
11697
4055
24929
31877
21699
1078
28101
10257
14387
7913
26857
1588
7010
14299
9432
21338
29014
15624
17004
11396
9313
27538
22037
12536
253
7953
18902
27702
18427
11051
8336
7215
11229
29542
32387
10162
15744
13625
6930
22823
3070
14441
32710
12671
31698
22931
14486
26475
6461
8964
22886
26316
27113
26577
31949
25707
461
5413
8219
23019
24400
11733
155
32252
21169
9274
24085
3281
29862
1599
18071
29907
28739
12217
20341
15255
9246
30455
24463
12045
24241
1946
28370
14075
14847
24487
24322
23210
23163
8923
20918
20192
5413
14399
8100
8205
16630
26108
21790
19657
14206
24431
22493
25726
18636
31104
6654
32354
9870
31024
32330
7337
2681
12402
20922
20472
7147
23868
32314
12060
22735
32477
23214
30460
1474
5521
15411
26316
26995
83
11431
11396
22352
27890
27243
30097
19807
3687
5479
30666
10601
3430
11599
1701
14686
26419
17701
2219
10997
11959
4096
24873
7827
25555
11019
8745
24942
21748
18640
6816
4850
16104
8631
5353
14692
7920
19913
22898
2501
27414
27578
18870
26361
9408
14631
10091
23592
31110
28
23548
5733
26177
32217
21561
8589
4196
9942
17486
27762
18832
27652
26609
22585
29026
25942
4832
22273
10640
1408
9611
24006
4148
15103
14861
11652
29799
8793
7521
14239
14610
11686
26835
8578
23041
25935
20404
11142
18233
9750
30034
32534
2700
86
24360
10258
27498
7308
22353
15728
1274
18711
21315
32041
617
5436
12985
24403
30083
7533
27377
25738
31616
27851
29208
9109
9248
6121
32515
23111
20218
29907
28959
1442
29456
5199
29867
17731
1192
24674
14116
3578
27991
1046
16385
28600
19039
123
16801
29358
25915
4844
30338
20403
6775
20627
24243
2022
8901
6960
29068
8085
29262
21269
6044
94
8774
27253
227
18068
6339
15839
11073
32229
25295
22022
11567
4409
29883
30403
6317
29148
17591
8029
2683
14816
29600
24583
14732
19901
30745
10410
6840
16699
32733
29925
27825
914
31572
31059
16440
5839
1892
13836
20625
22137
10633
4718
16436
4469
4648
26141
3525
31527
22816
4936
21830
14298
26787
5678
12684
2146
2628
11745
20975
22783
19024
586
6214
14213
9570
27502
21267
29882
13362
15855
26618
29952
18862
16598
632
29748
14156
12431
6865
16597
11166
29493
26954
12905
24359
25105
6553
24348
877
19549
21146
21675
10319
5965
26179
22656
2969
8016
15834
29471
1750
16019
22117
19136
3941
7366
24931
4413
31951
11300
23993
2351
2392
30637
15599
26196
16596
9910
26780
3381
20924
22948
15391
30213
29825
17397
18064
14027
23840
10112
26871
30916
27383
5373
9403
23810
2775
5575
11869
5210
32602
8929
6245
11901
887
3383
10909
25701
31571
15143
14718
25075
10074
24384
4584
21206
3471
3146
19734
13998
3360
19078
8400
16497
20542
4663
32738
17678
4139
20320
7886
32081
24469
21200
12478
7943
28450
21596
28860
4450
76
27244
19237
16543
31343
6841
15195
21733
22048
26708
12731
20593
21185
747
5583
22768
10834
31560
14532
12332
14218
8474
19486
8171
16935
28152
12458
23828
25986
8611
12724
9748
17766
29579
123
8320
1314
32149
994
14844
13533
17436
20584
4187
10538
32566
23642
9480
28893
2360
17480
24484
23836
5756
13237
9200
20409
6753
17938
32494
17343
32148
29678
12099
17482
2446
24679
3296
17820
11614
6884
5089
5230
32681
10502
5813
20356
8687
27867
23424
8068
26895
15189
10429
8456
28430
14075
1320
13554
29204
17119
11995
11008
9399
8656
3511
31392
21372
5584
9477
32261
923
5065
18525
25466
28419
24443
6087
18678
414
9145
1825
13809
15318
23253
29889
26487
7768
7001
4955
8827
792
7415
11044
109
1941
2499
30263
27151
27742
28576
7224
13444
3541
26104
4408
5289
23091
15281
23513
23721
26828
16732
1715
14284
5781
943
16630
22672
19427
2613
29264
19707
20341
28228
17937
27951
19125
24112
29069
6207
25403
24766
14785
13121
3475
27867
31802
7845
32064
10638
16179
5573
22016
27180
3326
11452
594
15051
7845
24700
21302
4344
6608
27931
19764
29869
26089
24174
18079
13693
23679
3801
15131
18
22760
2149
30813
26585
27435
31763
2098
14588
12829
17265
31683
9873
8393
8298
31767
10513
13077
12130
17369
8459
21923
16259
26204
4633
1270
1361
2012
2580
26582
23429
27399
2180
26869
1560
30651
31322
5074
11166
7954
7650
14558
30933
16540
25331
7390
8830
29931
7017
14224
14699
24917
4052
17809
1242
30965
19570
12670
22273
20211
14939
6233
4074
24069
22780
27951
17025
26934
11206
32760
12268
23015
12327
27583
3354
16147
28602
12291
18079
20951
699
31068
14015
9009
5821
23906
456
22280
19871
3530
3238
4204
2236
18130
16817
29472
29794
31968
6089
24149
26502
3429
4005
17593
27573
30472
7016
17840
334
23809
9333
27617
29679
22978
9093
13557
21293
25821
32503
18075
25480
20514
9063
29904
7069
8199
2689
32093
414
17230
9239
7329
32000
28129
21874
24464
28787
6913
742
22268
12311
31391
22441
4116
10221
19978
16358
30250
18060
30667
18700
441
21
17101
23660
22694
32104
9410
2051
17350
19352
32705
18836
7585
8093
10036
4091
7797
585
11249
26301
10622
30846
13223
32739
32629
31645
24444
4105
31319
22081
1524
12466
13927
14638
17429
15582
19574
7300
10697
23519
354
16697
1411
11880
3805
26309
4901
20967
26991
2335
4642
11796
10174
15081
1759
16586
28430
28647
11104
23575
2308
19382
21280
2703
1711
18619
17984
3557
5321
19289
22500
11196
25913
30055
15323
15546
20957
19937
24446
12766
7303
4317
18906
1044
28741
15297
18193
16903
2022
10676
25341
12343
7609
21586
30487
12107
2200
3236
20375
23720
10789
16463
11229
8514
4692
7947
7696
8882
31786
13399
3589
19082
1988
18796
25442
22501
21914
9071
6915
12098
26373
29162
19356
23698
26623
381
23968
31631
17962
1745
31330
31312
14613
5582
30331
27162
8122
6414
15211
21114
22347
23953
29827
14992
28462
1714
770
23726
24134
32345
32126
14370
7540
13683
16005
30031
19293
18591
18053
20483
15726
23850
29929
31748
8734
19006
23685
14316
6259
25174
14132
567
24776
28917
15551
9371
2765
16536
24833
2456
17615
15593
15689
4175
12346
1333
10496
21143
24412
800
17804
4430
24683
22936
371
15085
31178
16391
22212
16479
31624
7629
18611
11284
18986
31213
25731
12113
1706
4870
18857
6602
30655
13190
32046
28530
6239
5658
3157
4242
28546
28265
17022
10264
5418
27137
30282
21554
2208
15761
12800
15644
15360
4698
15151
3639
30967
26592
15765
1370
716
15845
7488
3180
6557
6807
13299
4403
17132
16649
32203
3943
31578
11232
31010
267
13745
8271
15796
10493
19240
27973
3840
27595
16611
10980
28146
10952
1722
3638
28094
21855
4923
9499
20495
9384
242
3718
11361
13625
4328
745
9899
29503
13929
16622
31042
3277
4106
12904
22010
24179
29163
23945
25230
3603
25914
30293
21570
18416
16632
9302
28358
21000
16384
20626
27230
27044
14405
4026
1344
7981
22363
31908
17469
9281
2105
5883
9892
16390
26173
31286
20836
23998
24944
198
30064
27036
30732
10132
30056
28630
10555
17834
3701
12796
1314
27696
2165
9864
32286
667
12632
5814
24397
29473
10185
20118
3153
31600
14609
4959
28240
30111
22073
21510
12863
11621
25711
18447
15457
5513
27820
28836
29962
29081
28307
12260
21161
18399
23195
27261
17669
12177
30576
26493
26055
20296
13975
25189
4665
8115
15441
895
21069
18061
7875
12914
12513
7628
8275
30484
26945
15132
26965
23679
3566
2955
1255
2663
3230
22406
9497
2219
13187
17156
29266
24873
7120
7681
27119
5079
7546
6446
4140
4368
12347
13031
31048
11819
24029
28773
28132
18514
10677
14133
11949
2449
4462
23272
6970
1070
2824
13069
16439
6201
9247
19804
4292
22371
9841
4148
20248
23316
26011
24904
26730
16567
6691
9365
18449
16473
28091
10135
26090
4466
7364
19644
5114
4610
20754
2841
20308
25568
6639
5723
6205
29775
9570
17153
5519
8659
7857
31433
1883
29763
22052
21864
19666
6942
5644
10622
358
9762
18692
10697
29996
11291
21879
25241
1157
21498
21090
11140
4861
29734
31067
24922
11635
15383
31187
31836
6011
7200
4504
22184
18432
24460
3741
14072
6446
11501
7678
29580
12174
24753
3135
16741
23667
30198
23253
948
32662
29088
20199
12178
11261
936
23893
6129
5153
21174
6138
13779
335
9715
46
16570
23119
24856
25231
11103
32068
1740
8194
22694
28883
13612
2036
7378
12423
20651
10214
24309
6260
20764
13352
28331
13339
25869
28132
25096
29838
24407
10847
4047
4565
8947
24444
31205
7055
271
22914
15365
31964
15713
32286
21172
30587
11452
16556
20088
23088
8673
11186
18245
30313
7319
9133
9272
6432
28414
18193
2952
2819
19744
3979
3769
23507
31433
6281
26386
32010
2969
12028
22098
28608
26967
3676
32671
2511
5256
28397
19647
5686
21312
18754
13194
21691
16953
29439
28575
7381
31778
30947
1111
10184
19257
23045
6903
17938
6428
2141
4394
1030
4316
21127
19374
439
10068
6852
8525
535
32185
32578
29199
30048
21106
22429
16046
691
29737
11173
21578
21759
27426
1890
24670
12069
19659
20565
243
2906
28053
1
9491
18892
25859
26538
20865
12936
6144
24925
7591
20123
15734
4656
31952
23671
4380
8651
10135
25497
10384
2855
14751
11113
7845
27286
22405
6498
2302
27908
28947
14962
27612
17532
29623
31652
8244
17902
307
22012
24581
5167
32405
29090
27880
31809
3946
1092
1257
26325
20783
28341
6549
782
27400
24026
32084
3720
17845
29382
31481
24217
32705
13860
2968
3798
29180
23253
7831
30937
22572
5083
10248
22850
29184
374
26934
17916
12357
31116
10110
22978
16988
12110
17761
14561
6124
32281
29143
21311
10964
23450
25061
1948
9572
13622
18545
3096
14540
15529
86
16373
14292
26605
7348
19103
18894
10333
21385
11241
18889
7450
30342
8602
9736
17582
28187
1576
21427
29167
27349
3267
10955
2086
16617
32405
15971
17009
8721
23881
1294
2662
10646
3786
26004
8697
28334
30285
31721
9376
4361
7825
10847
9141
29607
22885
19226
25115
6636
30828
5572
29476
23286
797
3459
16562
24366
3597
2856
15517
7197
6001
14250
16725
17026
3294
2770
26057
21153
24148
8759
18567
19165
17019
1133
5668
9353
4140
9338
20190
4860
20787
14729
3968
14563
29268
16099
24966
18396
13452
12314
22146
15936
17304
21895
29374
14143
5564
13559
11043
307
30909
31394
31321
28206
28719
28253
20784
4821
18679
18704
26175
26482
1544
32361
10443
32580
2672
20178
23274
18970
9368
13729
5863
5152
24263
1935
17385
14328
14569
21868
15824
14092
12175
26385
13408
11299
13366
25237
1441
19507
31436
29636
6021
26998
16496
1996
29900
11456
28538
28986
12581
30992
17595
2085
22678
11621
23046
6825
28189
14547
14830
16792
15768
13525
24786
28011
1250
31205
20247
16255
14399
25162
4277
894
26106
12082
24053
23834
32076
17408
14713
32258
31872
11239
12156
30734
19029
7608
6747
32701
16036
29176
4180
13026
7746
16182
24206
14234
3624
4251
13658
18305
16849
27331
27065
31526
26852
4811
28702
27068
8211
19372
29813
28946
26947
32199
13155
14789
28397
31937
30928
19380
5828
24464
26531
18100
10136
7894
28364
4997
1658
28014
3976
8453
20257
32581
22752
420
19340
12908
15475
32024
3817
20075
8310
27218
14262
19927
21241
26032
7462
26151
17004
14196
27590
16835
8033
32373
30048
8286
19348
29460
14367
20870
14888
22130
24821
15737
9523
25056
19770
28731
15485
19095
20374
23269
12677
11690
15392
16192
17605
30776
32711
31122
14391
8166
18162
7352
19224
16268
30563
5237
8940
27695
353
16906
17858
22064
19478
18183
2489
2754
16694
29280
7619
27041
15329
963
4009
8962
24267
14633
29520
20933
5530
23212
3898
1522
17807
14488
12879
21347
29033
20420
5854
14526
21638
2083
30431
29351
14668
16790
13691
3891
3783
8964
16846
21919
403
24493
5867
22082
7165
26299
32032
14016
12645
12570
28796
3713
6375
8586
20623
26465
31546
10995
15729
13993
14295
12536
17926
25151
9566
22222
19327
9753
12598
12367
15908
28151
8820
2378
5969
30546
1023
14110
13503
20367
31217
10375
30981
633
1600
10167
21855
3310
157
681
8365
26584
17820
3506
24511
16224
24854
13401
25295
10846
14284
3176
23631
30227
29772
8003
21734
23066
15129
23929
8373
10396
27142
28825
14814
20164
26339
24391
9287
14706
16731
14222
16027
29236
11293
13176
9362
2162
4410
3036
1651
6888
17870
28024
6615
5465
8419
17471
1967
30338
31122
20724
31624
12878
20587
15608
14350
1096
10264
8289
21711
18005
20796
11851
2370
8099
11681
31603
10504
8157
11923
4866
13681
6817
4743
19878
10306
22323
9729
7911
23478
26739
2996
19641
13250
16652
20458
17741
27805
22511
19238
1837
12928
28928
6152
20360
26283
24078
8306
714
13736
19465
1513
880
25299
28783
26942
27419
27930
11016
21869
23011
28930
28627
20933
20461
27626
3392
24393
17728
17556
8863
25943
29652
15585
23257
20871
2028
12508
16222
28374
10918
18170
14174
14340
6865
30113
1852
10554
18430
486
25664
21744
9178
23451
28812
16398
7611
31369
13137
18769
31864
8442
24898
8177
2686
10107
2377
3457
18464
13791
31097
5910
6191
3463
28741
14763
6859
18657
28143
17860
10872
13359
14915
7762
12149
9098
29316
24279
15689
27174
13223
11466
11934
22231
13503
14397
13138
22996
26041
12221
1228
14268
26185
11130
13452
28118
26916
21416
18694
11165
22384
17956
7345
1404
18552
32603
13147
17622
8613
19048
31167
31049
29354
31868
9049
12084
25086
32643
6777
28534
15759
28676
13975
27769
949
21065
11494
112
30820
8897
28459
24796
6823
17826
27856
11093
3657
6610
27188
12167
19925
13064
25158
6779
14530
32559
9810
26392
20967
23307
12315
14313
16949
23070
23081
32288
29604
17869
29284
4571
22638
6079
23266
8103
12924
29574
11518
3906
28445
25473
4778
18342
27390
23808
18950
29762
12887
20394
1841
12171
4450
17436
10334
14003
2321
19923
28715
2744
31744
21580
14895
8865
10153
30569
24018
4869
15831
4887
13154
20172
12893
9774
28515
25913
4359
8345
18470
24873
28625
23734
6557
11669
20823
18431
31597
9054
2957
32491
32069
9290
1712
24591
32110
26441
26748
23177
19876
23038
32672
31646
6693
15226
879
32674
18183
21579
31704
27160
14286
28597
26008
26907
13630
31295
26286
2045
25966
26994
9999
29997
2590
20701
8604
24414
31050
18524
337
11749
1024
1946
24255
6243
16238
23253
29116
24997
25663
21729
2905
14792
14376
25200
27668
2977
13757
8848
19023
14684
26250
10357
7425
3170
9055
2681
32428
23681
12011
25185
15503
12871
24204
8930
26140
26798
17766
26212
28844
4607
5555
6917
17266
9200
11353
12257
16301
12047
31426
10129
6434
9572
17128
13297
4810
29778
22959
16166
29640
30143
25464
1504
18589
31861
16115
9949
17567
32711
4660
19375
22440
10871
11786
20158
19467
20695
15244
656
204
4655
26612
32328
5136
10591
689
4973
4562
12485
16823
20717
31448
23905
8218
14178
14309
30007
2779
659
19761
1269
20482
11326
25110
6358
1004
3093
28940
31942
20711
14598
13271
18375
25852
4031
8191
13971
29196
626
1921
6531
29727
5589
12740
22959
12792
12142
206
22871
11245
6413
30392
13186
27893
23962
12127
7908
29187
25360
8797
30725
7058
26058
16696
13984
23937
14590
17880
21065
8482
28807
17727
23123
3470
22503
23156
17649
10811
23180
32192
14747
4048
16722
23581
23220
6967
26954
17132
21097
22260
22458
29670
9948
3766
20324
30037
6530
16684
19211
12932
5577
25626
308
116
29439
11948
21802
23248
3439
24074
22852
27939
31437
10284
18026
15433
24020
20720
3286
1060
7469
5482
25112
7568
403
24955
28765
152
32565
933
2800
14058
11867
21277
3073
21128
14157
31778
16294
15553
13681
26254
31
29024
21939
27307
26462
31267
13353
18503
14791
15982
15607
5131
28212
31553
5233
3848
30524
30568
19072
7315
12725
18417
23879
19027
7287
14563
20230
7832
15715
11821
21310
8430
22436
4317
22294
20723
22325
7314
26877
32613
5539
8500
17297
15743
23573
3298
32703
22150
18057
21036
12844
1951
27744
32387
30676
27107
29213
5357
13810
17077
26730
254
4383
11859
7260
13827
24509
22700
15607
20096
7062
14450
31221
16349
5825
111
32707
30300
30662
15132
29901
27982
16641
17520
23547
6023
26444
5622
123
11279
15320
6434
20162
11034
11612
29669
16077
12090
9330
895
13229
24276
32573
31125
29762
4561
28752
20355
8519
32661
17611
1011
19598
2357
21959
22191
5517
29668
10485
30387
28442
10159
1153
22151
29299
18027
31293
6859
25473
12011
11771
22291
19038
16502
23354
3318
17940
29303
24070
8546
31912
5239
17177
15410
19543
19017
9030
17923
8735
6276
19992
30787
6529
5431
1974
13194
18822
4311
24073
4142
25344
19324
22817
23826
1042
2637
2773
190
25842
8505
16810
28853
16878
17641
25335
13058
9901
14578
12358
7701
32440
11854
31740
19149
3896
26125
4413
27862
15874
27720
21258
1333
18896
32599
22188
8993
22481
30531
32086
10005
31333
16766
20742
15395
5409
17618
10412
31627
16922
16792
22414
28300
7264
554
27627
25210
5064
28571
16606
17169
11759
24229
26502
28425
22651
10466
11108
15082
12452
26175
13828
5666
25588
23215
5600
1621
3658
27676
11393
27892
14629
13475
18407
19217
24607
1280
27435
30578
7864
27463
2659
31460
27477
4566
15814
1745
905
2695
12305
14869
28050
23082
19497
10254
13095
22578
28161
22002
14705
13998
6846
8806
23127
18043
1049
19276
8958
19384
23301
1500
23440
30331
13714
23798
15421
21442
3090
18870
29568
19117
4474
14922
24996
31210
27403
31488
11654
2416
2865
13731
5788
17520
13227
31496
10294
3976
25324
2788
12804
3899
12481
19936
10713
4766
24117
13808
23214
5715
7346
30944
1258
29627
20584
22832
21473
4200
20978
28961
19610
8657
29495
13328
6613
22858
19343
6659
22860
3123
3880
10626
20026
11375
30119
21416
7450
9496
29714
22137
29873
28528
19949
6518
18510
29723
16803
14447
32593
3212
21544
12441
15850
14526
32733
25568
11043
23844
19124
26238
22561
7394
1940
19149
11430
9277
18175
24409
31963
30544
15090
4922
11341
6401
4620
29857
565
7732
3571
32176
4860
319
22772
9103
25342
18845
24297
23484
9871
23526
11616
2978
17211
1534
7929
5742
30290
7053
22032
32030
17573
14000
19100
17626
6026
28911
28503
6024
11046
10350
12832
21147
12779
9575
23453
30763
20831
13271
4644
13899
23583
1400
988
30871
27940
28656
31775
14348
18502
23368
26659
32029
9214
29855
3802
18434
16496
31008
22
21332
28585
11569
32497
25815
29477
21485
27500
8343
21140
15061
28502
4662
4061
11714
29296
24708
23652
26399
6606
24400
13193
20564
22144
29566
32369
9861
18290
32090
9480
22397
29329
15660
12358
10981
6447
26125
25010
3002
11177
21240
25637
1534
8263
4644
31185
19629
12643
14993
19329
23538
18126
16353
15650
2971
3695
14442
27523
9675
2093
18825
14169
21998
2320
11833
390
1010
31138
3044
31899
28597
21404
2425
14235
8377
8894
23742
17922
32287
3327
16872
10501
8915
9702
4457
24092
16900
4408
26633
14014
12247
14547
5432
23915
25180
6618
17314
11248
32449
27922
4101
14055
18117
11916
575
12925
31344
18565
7340
5240
513
25994
30126
6008
29737
11744
3981
892
19574
29730
25218
24489
26130
5420
19726
28999
3757
3896
24208
11277
17848
5191
12311
30622
31700
7107
16245
28243
26250
14178
149
31035
15420
12109
6414
28000
27739
10626
31223
3660
10203
24694
19454
6604
19940
11519
25012
16628
4299
26482
9259
12899
26432
25608
11715
6601
7625
3719
1857
14502
7279
26910
15137
31828
13494
29328
13102
13639
3027
14229
5199
21396
29978
4989
3236
19632
20662
25622
18385
3706
17052
13520
32154
9084
21954
9503
20145
27758
24459
3617
25547
4860
14214
11137
761
6602
5977
19355
3894
11700
14072
19168
9788
7258
31003
24188
20637
5084
15342
29239
30734
4066
8714
7577
6150
6112
26532
29778
23688
12952
6148
13785
9020
13024
14137
8274
4805
16805
13324
27317
15439
18736
13874
10797
31591
9640
7366
9918
2064
16088
16630
25387
28435
28467
20732
23575
25750
23573
22352
17002
9456
9036
16923
13558
22460
471
32495
15707
10540
22509
32438
5159
3489
11842
13801
28738
25464
8325
27907
25994
26406
20781
30004
5818
11655
19061
5465
16016
6259
28837
17196
21551
31123
27028
31928
20162
22386
7531
22033
19554
2263
13483
3905
8250
6739
14194
18053
3048
12822
12794
6842
10279
26118
610
21010
16555
14355
13233
22795
10061
11460
2584
11682
17000
12310
9335
2755
23171
15495
22307
26629
27440
30830
9191
8596
31539
15757
29512
23662
16359
16105
29453
31443
4062
16602
15871
13558
26824
5982
12526
10745
3222
24242
4340
32024
31199
8740
26366
21285
17282
25891
13447
17460
2957
17048
26023
5527
9565
5753
9293
20493
8967
26010
28872
1590
20983
30663
9101
24394
27351
22545
15412
14859
30899
12133
8643
31736
15194
11619
14383
24772
2311
29548
28448
24070
29504
13821
11765
28466
13055
2108
16648
24008
8208
1489
11315
22987
14266
20215
1683
30325
30369
2771
17291
24361
2539
25604
3340
22697
7074
13179
4884
25225
15961
19853
29813
3300
15379
9542
9432
22093
19552
14849
29697
9736
30153
821
6741
